Record Nn' Vn' Fn' On'  Nv   Vv  Fv' Ov' No' Vo' Fo'  Q Se   Q +P   V Se   V +P  V FPR
1003   945   0   0   7   0    0   0   0  12   0   0  98.75  99.26      -      -  0.000
1009  1312   0   0   6   0    0   0   0  18   0   0  98.65  99.54      -      -  0.000
1016   806   0   0   0   0    0   0   0   0   0   0 100.00 100.00      -      -  0.000
1019   248   0   0  77   0    0   0   0   6   0   0  97.64  76.31      -      -  0.000
1020   599   0   0   4   0    0   0   0   1   0   0  99.83  99.34      -      -  0.000
1022   873   0   0   3   0    0   0   0   0   0   0 100.00  99.66      -      -  0.000
1023   634   0   0   0   0    0   0   0   1   0   0  99.84 100.00      -      -  0.000
1028   395   0   0 174   0    0   0   0 177   0   0  69.06  69.42      -      -  0.000
1032   799   0   0   1   0    0   0   0   0   0   0 100.00  99.88      -      -  0.000
1033     0   0   0 740   0    0   0   0 744   0   0   0.00   0.00      -      -  0.000
1036  1139   0   0   0   0    0   0   0   0   0   0 100.00 100.00      -      -  0.000
1043   856   0   0   1   0    0   0   0   1   0   0  99.88  99.88      -      -  0.000
1069   735   0   0   0   0    0   0   0   3   0   0  99.59 100.00      -      -  0.000
1071   601   0   0   8   0    0   0   0   3   0   0  99.50  98.69      -      -  0.000
1073   602   0   0   0   0    0   0   0   0   0   0 100.00 100.00      -      -  0.000
1077   981   0   0  12   0    0   0   0  16   0   0  98.40  98.79      -      -  0.000
1169   403   0   0 770   0    0   0   0 610   0   0  39.78  34.36      -      -  0.000
1195   737   0   0  84   0    0   0   0  82   0   0  89.99  89.77      -      -  0.000
1242   614   0   0 230   0    0   0   0 230   0   0  72.75  72.75      -      -  0.000
1284   639   0   0   8   0    0   0   0  10   0   0  98.46  98.76      -      -  0.000
1354   535   0   0 899   0    0   0   0 359   0   0  59.84  37.31      -      -  0.000
1376   140   0   0 1219   0    0   0   0 1440   0   0   8.86  10.30      -      -  0.000
1388   959   0   0   2   0    0   0   0  43   0   0  95.71  99.79      -      -  0.000
1447   386   0   0 154   0    0   0   0 197   0   0  66.21  71.48      -      -  0.000
1456   965   0   0  17   0    0   0   0   2   0   0  99.79  98.27      -      -  0.000
1485   775   0   0 166   0    0   0   0 167   0   0  82.27  82.36      -      -  0.000
1503   434   0   0   1   0    0   0   0 317   0   0  57.79  99.77      -      -  0.000
1522   414   0   0 983   0    0   0   0 332   0   0  55.50  29.63      -      -  0.000
1565   683   0   0 478   0    0   0   0  32   0   0  95.52  58.83      -      -  0.000
1584  1208   0   0   1   0    0   0   0   0   0   0 100.00  99.92      -      -  0.000
1683   457   0   0 211   0    0   0   0 196   0   0  69.98  68.41      -      -  0.000
1686   695   0   0 156   0    0   0   0  91   0   0  88.42  81.67      -      -  0.000
1715   975   0   0  61   0    0   0   0 155   0   0  86.28  94.11      -      -  0.000
1742   993   0   0   4   0    0   0   0   7   0   0  99.30  99.60      -      -  0.000
1774   579   0   0 1057   0    0   0   0 560   0   0  50.83  35.39      -      -  0.000
1804   449   0   0  82   0    0   0   0  71   0   0  86.35  84.56      -      -  0.000
1807   636   0   0 215   0    0   0   0 130   0   0  83.03  74.74      -      -  0.000
1821   959   0   0  89   0    0   0   0 152   0   0  86.32  91.51      -      -  0.000
1858   229   0   0 563   0    0   0   0 554   0   0  29.25  28.91      -      -  0.000
1866   672   0   0  28   0    0   0   0  92   0   0  87.96  96.00      -      -  0.000
1900   962   0   0  17   0    0   0   0  24   0   0  97.57  98.26      -      -  0.000
1906   387   0   0 475   0    0   0   0 256   0   0  60.19  44.90      -      -  0.000
1954   396   0   0 876   0    0   0   0 352   0   0  52.94  31.13      -      -  0.000
1993   720   0   0 594   0    0   0   0   4   0   0  99.45  54.79      -      -  0.000
1998  1197   0   0   1   0    0   0   0  25   0   0  97.95  99.92      -      -  0.000
2041    16   0   0   2   0    0   0   0   0   0   0 100.00  88.89      -      -  0.000
2063   570   0   0 107   0    0   0   0  69   0   0  89.20  84.19      -      -  0.000
2132   804   0   0 246   0    0   0   0  60   0   0  93.06  76.57      -      -  0.000
2164  1032   0   0  87   0    0   0   0  36   0   0  96.63  92.23      -      -  0.000
2174   827   0   0  15   0    0   0   0  56   0   0  93.66  98.22      -      -  0.000
2201   710   0   0 1193   0    0   0   0 420   0   0  62.83  37.31      -      -  0.000
2203   669   0   0  16   0    0   0   0  13   0   0  98.09  97.66      -      -  0.000
2209   668   0   0   5   0    0   0   0   9   0   0  98.67  99.26      -      -  0.000
2247   551   0   0 916   0    0   0   0 363   0   0  60.28  37.56      -      -  0.000
2277   275   0   0 951   0    0   0   0 667   0   0  29.19  22.43      -      -  0.000
2279   145   0   0  12   0    0   0   0   2   0   0  98.64  92.36      -      -  0.000
2283   393   0   0 151   0    0   0   0 391   0   0  50.13  72.24      -      -  0.000
2296   709   0   0  54   0    0   0   0  23   0   0  96.86  92.92      -      -  0.000
2327   539   0   0  72   0    0   0   0   7   0   0  98.72  88.22      -      -  0.000
2370   295   0   0 108   0    0   0   0 154   0   0  65.70  73.20      -      -  0.000
2384  1607   0   0 144   0    0   0   0  29   0   0  98.23  91.78      -      -  0.000
2397   679   0   0 195   0    0   0   0 261   0   0  72.23  77.69      -      -  0.000
2469     0   0   0 966   0    0   0   0 962   0   0   0.00   0.00      -      -  0.000
2527   684   0   0   9   0    0   0   0  17   0   0  97.57  98.70      -      -  0.000
2552   983   0   0   7   0    0   0   0  21   0   0  97.91  99.29      -      -  0.000
2556   960   0   0  10   0    0   0   0  30   0   0  96.97  98.97      -      -  0.000
2602   491   0   0 109   0    0   0   0  82   0   0  85.69  81.83      -      -  0.000
2639     0   0   0 964   0    0   0   0 963   0   0   0.00   0.00      -      -  0.000
2664   976   0   0  59   0    0   0   0 150   0   0  86.68  94.30      -      -  0.000
2714   586   0   0  70   0    0   0   0 278   0   0  67.82  89.33      -      -  0.000
2728   104   0   0  26   0    0   0   0   0   0   0 100.00  80.00      -      -  0.000
2732   925   0   0  29   0    0   0   0  85   0   0  91.58  96.96      -      -  0.000
2733   339   0   0  72   0    0   0   0 183   0   0  64.94  82.48      -      -  0.000
2798   537   0   0 627   0    0   0   0 296   0   0  64.47  46.13      -      -  0.000
2800     0   0   0 757   0    0   0   0 752   0   0   0.00   0.00      -      -  0.000
2812    44   0   0 485   0    0   0   0 936   0   0   4.49   8.32      -      -  0.000
2839  1344   0   0 150   0    0   0   0 267   0   0  83.43  89.96      -      -  0.000
2850   130   0   0 511   0    0   0   0 431   0   0  23.17  20.28      -      -  0.000
2879   485   0   0 295   0    0   0   0 135   0   0  78.23  62.18      -      -  0.000
2885   630   0   0  71   0    0   0   0 300   0   0  67.74  89.87      -      -  0.000
2886   149   0   0   0   0    0   0   0   0   0   0 100.00 100.00      -      -  0.000
2907   147   0   0  24   0    0   0   0 575   0   0  20.36  85.96      -      -  0.000
2923   978   0   0 171   0    0   0   0 106   0   0  90.22  85.12      -      -  0.000
2970   669   0   0   4   0    0   0   0 271   0   0  71.17  99.41      -      -  0.000
3188   816   0   0   5   0    0   0   0   6   0   0  99.27  99.39      -      -  0.000
3266   978   0   0   1   0    0   0   0   4   0   0  99.59  99.90      -      -  0.000
41024    73   0   0  18   0    0   0   0  13   0   0  84.88  80.22      -      -  0.000
41025   597   0   0  75   0    0   0   0  25   0   0  95.98  88.84      -      -  0.000
41081   726   0   0  11   0    0   0   0   3   0   0  99.59  98.51      -      -  0.000
41164   571   0   0  49   0    0   0   0  60   0   0  90.49  92.10      -      -  0.000
41173     1   0   0 980   0    0   0   0 981   0   0   0.10   0.10      -      -  0.000
41180   599   0   0  76   0    0   0   0  81   0   0  88.09  88.74      -      -  0.000
41566   164   0   0  56   0    0   0   0   4   0   0  97.62  74.55      -      -  0.000
41778    42   0   0  28   0    0   0   0  45   0   0  48.28  60.00      -      -  0.000
41951   204   0   0  63   0    0   0   0  50   0   0  80.31  76.40      -      -  0.000
42228   471   0   0 921   0    0   0   0 395   0   0  54.39  33.84      -      -  0.000
42511     1   0   0 172   0    0   0   0 172   0   0   0.58   0.58      -      -  0.000
42878   910   0   0  29   0    0   0   0  19   0   0  97.95  96.91      -      -  0.000
42961   603   0   0   5   0    0   0   0  11   0   0  98.21  99.18      -      -  0.000
43247   646   0   0 156   0    0   0   0 102   0   0  86.36  80.55      -      -  0.000
______________________________________________________________________________________
Sum   59775   0   0 22809   0    0   0   0 18843   0   0
Gross                                                   76.03  72.38      -      -  0.000
Average                                                 76.76  75.10      -      -  0.000
Total QRS complexes: 78618  Total VEBs: 0

Summary of results from 100 records
